1712141371155 0.4151557385921478 0
1712141371633 0.4141422212123871 1
1712141372277 0.4133170247077942 2
1712141372687 0.412485808134079 3
1712141373050 0.4116717576980591 4
1712141373437 0.41088390350341797 5
1712141373832 0.4101259112358093 6
1712141374217 0.4093991219997406 7
1712141374560 0.4087030291557312 8
1712141375225 0.4080367684364319 9
1712141375577 0.40739887952804565 10
1712141375936 0.40678873658180237 11
1712141376265 0.40620505809783936 12
1712141376675 0.40564724802970886 13
1712141377282 0.4051145911216736 14
1712141378093 0.40460634231567383 15
1712141378536 0.4041217565536499 16
1712141379169 0.4036601781845093 17
1712141379533 0.4032207429409027 18
1712141380038 0.4028024971485138 19
1712141381080 0.40240466594696045 20
1712141381495 0.4020262360572815 21
1712141381893 0.4016661047935486 22
1712141382654 0.401323139667511 23
1712141383229 0.40099620819091797 24
1712141383515 0.4006841778755188 25
1712141383890 0.4003855288028717 26
1712141384299 0.4000989496707916 27
1712141384960 0.3998231887817383 28
1712141385644 0.3995566964149475 29
1712141385959 0.3992982506752014 30
1712141386242 0.39904654026031494 31
1712141386535 0.3988006114959717 32
1712141386873 0.3985593318939209 33
1712141387217 0.39832204580307007 34
1712141388148 0.3980880677700043 35
1712141389153 0.3978568911552429 36
1712141389483 0.3976282775402069 37
1712141389882 0.3974021077156067 38
1712141390310 0.3971782922744751 39
1712141391279 0.3969569802284241 40
1712141392056 0.39673832058906555 41
1712141392441 0.39652219414711 42
1712141392783 0.3963087797164917 43
1712141393259 0.39609795808792114 44
1712141393898 0.3958895802497864 45
1712141394548 0.39568331837654114 46
1712141395076 0.3954786956310272 47
1712141395545 0.3952753245830536 48
1712141396930 0.3950726091861725 49
1712141397406 0.3948700428009033 50
1712141398081 0.3946670889854431 51
1712141398466 0.3944632411003113 52
1712141398808 0.3942581117153168 53
1712141399135 0.3940512537956238 54
1712141400127 0.39384257793426514 55
1712141400915 0.39363181591033936 56
1712141401287 0.3934190273284912 57
1712141401616 0.39320412278175354 58
1712141401960 0.3929871618747711 59
1712141402331 0.3927682042121887 60
1712141402797 0.3925474286079407 61
1712141403198 0.39232468605041504 62
1712141403529 0.39210015535354614 63
1712141403900 0.391873836517334 64
1712141404310 0.3916456699371338 65
1712141404876 0.39141562581062317 66
1712141405474 0.39118361473083496 67
1712141405817 0.39094963669776917 68
1712141406237 0.39071357250213623 69
1712141406559 0.3904755413532257 70
1712141406914 0.39023557305336 71
1712141407248 0.38999369740486145 72
1712141407629 0.38975009322166443 73
1712141408146 0.38950490951538086 74
1712141408457 0.38925817608833313 75
1712141408766 0.38901010155677795 76
1712141409071 0.38876068592071533 77
1712141409395 0.38850998878479004 78
1712141409726 0.3882580101490021 79
1712141410030 0.38800469040870667 80
1712141410347 0.3877500295639038 81
1712141410698 0.3874939978122711 82
1712141411035 0.3872365951538086 83
1712141411506 0.3869777023792267 84
1712141411809 0.3867173492908478 85
1712141412143 0.3864554166793823 86
1712141412460 0.3861920237541199 87
1712141412764 0.3859269320964813 88
1712141413212 0.3856603503227234 89
1712141413531 0.38539212942123413 90
1712141413860 0.3851222097873688 91
1712141414186 0.38485074043273926 92
1712141414500 0.38457775115966797 93
1712141415144 0.38430339097976685 94
1712141415820 0.38402748107910156 95
1712141416156 0.3837502896785736 96
1712141416500 0.38347190618515015 97
1712141417151 0.3831923305988312 98
1712141417495 0.3829115927219391 99
1712141417839 0.3826298415660858 100
1712141418164 0.38234707713127136 101
1712141418498 0.38206344842910767 102
1712141418872 0.3817789852619171 103
1712141419191 0.38149377703666687 104
1712141419486 0.3812078833580017 105
1712141419811 0.380921334028244 106
1712141420095 0.3806341886520386 107
1712141420462 0.3803466260433197 108
1712141420805 0.38005849719047546 109
1712141421124 0.3797699511051178 110
1712141421441 0.3794810473918915 111
1712141421882 0.3791917562484741 112
1712141422196 0.37890204787254333 113
1712141422524 0.37861204147338867 114
1712141422852 0.37832167744636536 115
1712141423167 0.378030925989151 116
1712141423483 0.37773972749710083 117
1712141423776 0.37744805216789246 118
1712141424100 0.37715592980384827 119
1712141424468 0.3768630921840668 120
1712141424797 0.3765694797039032 121
1712141425164 0.37627509236335754 122
1712141425502 0.3759796917438507 123
1712141425848 0.37568312883377075 124
1712141426203 0.3753851354122162 125
1712141426531 0.3750855624675751 126
1712141426898 0.37478432059288025 127
1712141427224 0.37448105216026306 128
1712141427537 0.37417563796043396 129
1712141427860 0.37386786937713623 130
1712141428210 0.373557448387146 131
1712141428522 0.37324419617652893 132
1712141428812 0.3729279041290283 133
1712141429100 0.3726083040237427 134
1712141429396 0.3722851276397705 135
1712141429707 0.37195804715156555 136
1712141430109 0.37162676453590393 137
1712141430454 0.37129101157188416 138
1712141430763 0.37095052003860474 139
1712141431107 0.3706049621105194 140
1712141431478 0.3702540099620819 141
1712141431780 0.3698974847793579 142
1712141432112 0.36953502893447876 143
1712141432445 0.36916637420654297 144
1712141432747 0.3687911927700043 145
1712141433009 0.36840930581092834 146
1712141433220 0.36802026629447937 147
1712141433454 0.36762380599975586 148
1712141433694 0.3672197759151459 149
1712141433910 0.3668076694011688 150
1712141434153 0.366387277841568 151
1712141434400 0.36595815420150757 152
1712141434646 0.3655199408531189 153
1712141434888 0.3650723099708557 154
1712141435112 0.36461469531059265 155
1712141435339 0.3641468584537506 156
1712141435563 0.3636685013771057 157
1712141435819 0.36317914724349976 158
1712141436034 0.3626781404018402 159
1712141436258 0.3621649444103241 160
1712141436499 0.36163902282714844 161
1712141436730 0.3610995411872864 162
1712141436979 0.3605458438396454 163
1712141437244 0.3599768877029419 164
1712141437467 0.3593921959400177 165
1712141437727 0.35879042744636536 166
1712141438044 0.3581700921058655 167
1712141438326 0.35752958059310913 168
1712141438632 0.3568667471408844 169
1712141438885 0.35617953538894653 170
1712141439128 0.35546547174453735 171
1712141439395 0.35472142696380615 172
1712141439661 0.353944331407547 173
1712141439877 0.35313087701797485 174
1712141440095 0.3522772490978241 175
1712141440313 0.351379930973053 176
1712141440575 0.3504357635974884 177
1712141440829 0.3494415283203125 178
1712141441045 0.34839513897895813 179
1712141441293 0.347295880317688 180
1712141441545 0.3461452126502991 181
1712141441779 0.3449465036392212 182
1712141442014 0.3437047302722931 183
1712141442242 0.3424263894557953 184
1712141442488 0.34111905097961426 185
1712141442747 0.3397909104824066 186
1712141443003 0.3384511470794678 187
1712141443227 0.3371082544326782 188
1712141443445 0.3357662260532379 189
1712141443694 0.3344231843948364 190
1712141443932 0.3330717980861664 191
1712141444211 0.33170285820961 192
1712141444451 0.33030861616134644 193
1712141444682 0.32888418436050415 194
1712141444945 0.3274282217025757 195
1712141445161 0.32594162225723267 196
1712141445447 0.32442882657051086 197
1712141445676 0.3228972256183624 198
1712141445893 0.32135504484176636 199
