1712651644270 0.4208398163318634 0
1712651647419 0.41984823346138 1
1712651647953 0.4190349876880646 2
1712651648535 0.41821104288101196 3
1712651649249 0.4174007475376129 4
1712651649766 0.41661500930786133 5
1712651650428 0.4158594310283661 6
1712651651165 0.4151366651058197 7
1712651651830 0.4144478738307953 8
1712651652527 0.4137932360172272 9
1712651652993 0.4131720960140228 10
1712651653435 0.41258344054222107 11
1712651653851 0.41202592849731445 12
1712651654501 0.4114980697631836 13
1712651655096 0.41099801659584045 14
1712651655712 0.41052359342575073 15
1712651656449 0.41007283329963684 16
1712651656869 0.40964314341545105 17
1712651657344 0.4092324674129486 18
1712651657775 0.4088382124900818 19
1712651658286 0.4084584414958954 20
1712651658771 0.4080909490585327 21
1712651659313 0.40773406624794006 22
1712651659768 0.4073858857154846 23
1712651660420 0.40704503655433655 24
1712651661117 0.4067102074623108 25
1712651661553 0.4063803255558014 26
1712651661948 0.4060545861721039 27
1712651662408 0.4057323932647705 28
1712651662824 0.4054131805896759 29
1712651663479 0.40509653091430664 30
1712651663947 0.404782235622406 31
1712651664613 0.40447017550468445 32
1712651665089 0.4041600525379181 33
1712651665480 0.40385156869888306 34
1712651665877 0.4035443067550659 35
1712651666551 0.4032380282878876 36
1712651667142 0.40293240547180176 37
1712651667723 0.402627170085907 38
1712651668190 0.40232163667678833 39
1712651668832 0.4020155072212219 40
1712651669208 0.40170830488204956 41
1712651669609 0.40139931440353394 42
1712651670004 0.40108805894851685 43
1712651670449 0.40077388286590576 44
1712651670897 0.40045642852783203 45
1712651671311 0.4001351296901703 46
1712651671977 0.39980944991111755 47
1712651672704 0.3994791805744171 48
1712651673126 0.3991440236568451 49
1712651673731 0.39880380034446716 50
1712651674181 0.398458331823349 51
1712651674626 0.3981078863143921 52
1712651675047 0.3977522552013397 53
1712651675518 0.39739176630973816 54
1712651675981 0.3970264494419098 55
1712651676633 0.39665666222572327 56
1712651677023 0.39628249406814575 57
1712651677523 0.3959042727947235 58
1712651677916 0.3955223858356476 59
1712651678563 0.39513710141181946 60
1712651678976 0.3947487473487854 61
1712651679483 0.3943576216697693 62
1712651679899 0.3939642608165741 63
1712651680343 0.3935689926147461 64
1712651680805 0.39317232370376587 65
1712651681473 0.392774760723114 66
1712651681926 0.39237654209136963 67
1712651682708 0.3919781744480133 68
1712651683250 0.3915797770023346 69
1712651683724 0.39118146896362305 70
1712651684175 0.39078328013420105 71
1712651684888 0.39038506150245667 72
1712651685287 0.3899865448474884 73
1712651685841 0.3895876407623291 74
1712651686259 0.38918787240982056 75
1712651686692 0.38878709077835083 76
1712651687174 0.388385146856308 77
1712651687803 0.38798171281814575 78
1712651688206 0.38757678866386414 79
1712651688616 0.38717013597488403 80
1712651689005 0.38676154613494873 81
1712651689495 0.3863510489463806 82
1712651689907 0.38593849539756775 83
1712651690341 0.3855239450931549 84
1712651691126 0.3851073086261749 85
1712651691632 0.3846888840198517 86
1712651692280 0.3842686712741852 87
1712651692714 0.38384681940078735 88
1712651693396 0.3834233582019806 89
1712651694113 0.38299843668937683 90
1712651694733 0.3825719654560089 91
1712651695196 0.3821440637111664 92
1712651695660 0.38171470165252686 93
1712651696089 0.38128387928009033 94
1712651696542 0.3808514475822449 95
1712651696973 0.38041749596595764 96
1712651697374 0.3799818754196167 97
1712651697794 0.3795444369316101 98
1712651698359 0.3791050612926483 99
1712651698974 0.3786636292934418 100
1712651699384 0.3782200217247009 101
1712651699833 0.3777740001678467 102
1712651700258 0.37732550501823425 103
1712651700675 0.37687423825263977 104
1712651701097 0.37642011046409607 105
1712651701807 0.3759627938270569 106
1712651702231 0.37550222873687744 107
1712651702889 0.37503811717033386 108
1712651703266 0.37457019090652466 109
1712651703701 0.37409836053848267 110
1712651704534 0.3736221492290497 111
1712651704942 0.37314143776893616 112
1712651705371 0.37265583872795105 113
1712651705838 0.37216508388519287 114
1712651706302 0.37166881561279297 115
1712651706969 0.37116676568984985 116
1712651707423 0.3706585764884949 117
1712651707866 0.37014394998550415 118
1712651708331 0.3696225583553314 119
1712651708766 0.3690940737724304 120
1712651709161 0.3685580790042877 121
1712651709829 0.3680144250392914 122
1712651710407 0.36746251583099365 123
1712651710822 0.36690208315849304 124
1712651711267 0.3663330078125 125
1712651711923 0.36575475335121155 126
1712651712377 0.3651670813560486 127
1712651712796 0.36456960439682007 128
1712651713196 0.36396220326423645 129
1712651713907 0.36334431171417236 130
1712651714306 0.36271584033966064 131
1712651714757 0.3620763123035431 132
1712651715173 0.36142534017562866 133
1712651715575 0.36076265573501587 134
1712651716079 0.36008787155151367 135
1712651716511 0.35940054059028625 136
1712651717156 0.3587002456188202 137
1712651717652 0.3579866290092468 138
1712651718299 0.35725924372673035 139
1712651718674 0.3565176725387573 140
1712651719091 0.35576146841049194 141
1712651719493 0.35499027371406555 142
1712651719896 0.35420358180999756 143
1712651720293 0.35340097546577454 144
1712651720998 0.35258200764656067 145
1712651721826 0.35174641013145447 146
1712651722235 0.3508935570716858 147
1712651722930 0.3500232696533203 148
1712651723339 0.34913498163223267 149
1712651723781 0.348228394985199 150
1712651724466 0.3473031222820282 151
1712651725149 0.3463589549064636 152
1712651725588 0.34539568424224854 153
1712651726046 0.3444135785102844 154
1712651726739 0.3434124290943146 155
1712651727323 0.34239211678504944 156
1712651728061 0.34135279059410095 157
1712651728621 0.3402944505214691 158
1712651729338 0.3392171561717987 159
1712651730137 0.33812111616134644 160
1712651731037 0.3370068073272705 161
1712651731539 0.33587443828582764 162
1712651732134 0.33472493290901184 163
1712651733406 0.33355942368507385 164
1712651734204 0.33237871527671814 165
1712651734802 0.33118394017219543 166
1712651735310 0.32997632026672363 167
1712651736080 0.3287566602230072 168
1712651736778 0.3275257647037506 169
1712651737650 0.3262846767902374 170
1712651738254 0.32503512501716614 171
1712651738708 0.3237782418727875 172
1712651739142 0.32251521944999695 173
1712651739629 0.3212474286556244 174
1712651740395 0.3199760317802429 175
1712651740849 0.31870242953300476 176
1712651741584 0.3174279034137726 177
1712651742077 0.316153883934021 178
1712651742801 0.31488165259361267 179
1712651743473 0.31361284852027893 180
1712651744029 0.3123493492603302 181
1712651744440 0.31109264492988586 182
1712651745167 0.3098439872264862 183
1712651745583 0.3086045980453491 184
1712651746321 0.30737560987472534 185
1712651746819 0.306158185005188 186
1712651747273 0.30495354533195496 187
1712651747906 0.30376288294792175 188
1712651748418 0.30258724093437195 189
1712651748981 0.30142742395401 190
1712651749533 0.30028408765792847 191
1712651750176 0.29915764927864075 192
1712651750770 0.29804855585098267 193
1712651751278 0.29695722460746765 194
1712651751971 0.2958838641643524 195
1712651752519 0.2948286533355713 196
1712651753034 0.2937917113304138 197
1712651753556 0.2927728295326233 198
1712651754302 0.2917718291282654 199
